All
==        FCFS==
-666669999AAAAAAAA7RRRRRRD11KKK444TTTTTT3333885555552220000
==          RR==
-69A67R9A6DR9A6R19AK6R14ATK3R84A5TK3R284A5T032A5T0325T05T05
==        SRTF==
-997996D6666R11KKK444RR88RRR3333222T0000TTTTT555555AAAAAAAA
==        PPRR==
-99996RD6R6R611R6RR4TT3333TTTT4488A500002A52A52A5A5A5AAKKK7
==        HRRN==
-6666679999DRRRRRR11AAAAAAAAKKK444883333TTTTTT2225555550000
===========================================================

Waiting Time
ID	FCFS	RR	SRTF	PPRR	HRRN
===========================================================
0	19	18	0	0	19
1	13	8	0	0	5
2	22	19	2	14	16
3	18	25	6	0	14
4	13	19	0	11	13
5	20	27	19	21	23
6	0	15	6	11	0
7	15	2	0	55	3
8	21	14	0	9	11
9	5	13	1	0	6
10	8	37	49	45	18
13	18	3	0	0	4
20	13	17	0	40	13
27	16	28	19	10	9
29	14	31	19	4	20
===========================================================

Turnaround Time
ID	FCFS	RR	SRTF	PPRR	HRRN
===========================================================
0	23	22	4	4	23
1	15	10	2	2	7
2	25	22	5	17	19
3	22	29	10	4	18
4	16	22	3	14	16
5	26	33	25	27	29
6	5	20	11	16	5
7	16	3	1	56	4
8	23	16	2	11	13
9	9	17	5	4	10
10	16	45	57	53	26
13	19	4	1	1	5
20	16	20	3	43	16
27	22	34	25	16	15
29	20	37	25	10	26
===========================================================

